10 23 69 71 95 17 33 10 24 49 
1 39 51 63 87 7 55 12 21 52 53 70 
58 67 79 91 98 40 81 28 44 55 72 
11 70 92 94 10 72 80 73 
8 40 72 21 64 82 90 96 
29 36 42 83 93 5 14 53 61 75 27 97 
19 32 1 4 76 17 33 
6 0 84 43 58 74 78 88 
0 48 56 73 88 11 25 51 59 71 92 
2 13 81 24 57 85 15 23 91 
15 16 44 32 42 60 
26 30 38 41 3 41 46 88 86 
22 47 52 22 39 47 74 95 96 29 31 63 
27 37 49 56 65 66 3 25 26 51 95 
34 61 97 30 37 7 40 56 
62 99 8 35 92 2 37 
75 2 26 32 38 77 79 4 13 39 41 46 69 77 80 
3 89 65 81 83 
28 50 77 9 19 29 48 73 78 90 0 14 35 36 50 85 89 
4 14 66 74 85 6 62 68 6 47 84 
44 90 15 20 42 60 87 5 45 
33 65 31 43 69 71 94 18 22 62 79 94 
5 12 17 18 53 18 28 50 54 66 
7 20 24 25 54 80 84 23 54 91 11 67 
45 60 76 34 67 82 99 20 38 68 76 
82 86 45 49 83 16 87 93 
35 43 59 68 86 34 75 
31 55 57 64 89 96 12 36 59 64 97 1 48 57 
78 27 63 70 8 19 61 98 99 
9 16 21 46 13 52 58 93 98 9 30 
0 0 0 0 0 0 0 0 0 0 1 1 1 1 1 1 1 1 1 1 2 2 2 2 2 2 2 2 2 2 
